0.000000000000000000e+00
8.163265306122448328e-02
1.632653061224489666e-01
2.448979591836734637e-01
3.265306122448979331e-01
4.081632653061224025e-01
4.897959183673469274e-01
5.714285714285713969e-01
6.530612244897958663e-01
7.346938775510203357e-01
8.163265306122448051e-01
8.979591836734692745e-01
9.795918367346938549e-01
1.061224489795918213e+00
1.142857142857142794e+00
1.224489795918367152e+00
1.306122448979591733e+00
1.387755102040816313e+00
1.469387755102040671e+00
1.551020408163265252e+00
1.632653061224489610e+00
1.714285714285714191e+00
1.795918367346938549e+00
1.877551020408163129e+00
1.959183673469387710e+00
2.040816326530612290e+00
2.122448979591836427e+00
2.204081632653061007e+00
2.285714285714285587e+00
2.367346938775510168e+00
2.448979591836734304e+00
2.530612244897958885e+00
2.612244897959183465e+00
2.693877551020408045e+00
2.775510204081632626e+00
2.857142857142856762e+00
2.938775510204081343e+00
3.020408163265305923e+00
3.102040816326530503e+00
3.183673469387754640e+00
3.265306122448979220e+00
3.346938775510203801e+00
3.428571428571428381e+00
3.510204081632652962e+00
3.591836734693877098e+00
3.673469387755101678e+00
3.755102040816326259e+00
3.836734693877550839e+00
3.918367346938775420e+00
4.000000000000000000e+00
9.597321442242497946e-01
8.185582805593007993e-01
8.594955799880032998e-01
9.587614915173273689e-01
8.864052686559020788e-01
5.606203480719432752e-01
7.074048533311395603e-01
5.481168123673684223e-01
5.018881147310854107e-01
5.014572581379707072e-01
4.231907622246176004e-01
5.036262974247366353e-01
3.854200429152307428e-01
2.748563443548495688e-01
2.631332904770311565e-01
2.111792116461600477e-01
2.895142927979156289e-01
8.525112264046520727e-02
1.061603045563637437e-01
-3.804899375351699503e-02
-2.320721055361256446e-01
6.770681579782654447e-02
7.101346188295060147e-02
-1.044894156362301124e-01
1.845955567027361410e-01
-1.973998623056964219e-01
-5.466910685819460769e-02
-8.316974859803791253e-02
8.546878699506499366e-02
7.739458973053260638e-02
-5.436934776901909683e-02
-3.116825708626996816e-02
-1.558767640364479290e-01
-2.624675783930127682e-01
-9.581382219933454181e-02
-4.152157097649791795e-02
7.010026803961950936e-02
7.177410549113513727e-02
-8.260386127888788566e-02
-6.947606885607379712e-02
-1.395243274706646774e-01
-1.722109426884744221e-01
-1.965492126289539176e-01
1.732246271971629448e-01
-6.900093573984455997e-02
-5.830310504665130872e-02
-1.365290331768777010e-01
6.944250879300579993e-02
-1.670594763146096562e-01
-2.461045066871206041e-02
